  -3.2018930e-01
   1.4607110e+00
  -4.0858930e-01
   1.0610110e+00
   1.7129110e+00
   4.0431070e-01
  -9.0568930e-01
  -1.0165890e+00
  -2.6038930e-01
   1.4291070e-01
  -1.7443890e+00
   9.2371070e-01
  -7.8188930e-01
  -5.1318930e-01
  -3.2288930e-01
   6.4071070e-01
  -8.7418930e-01
   4.7731070e-01
   3.6551070e-01
   8.2881070e-01
   6.3311070e-01
   1.3274110e+00
   1.4221070e-01
   3.2881070e-01
   1.9501070e-01
  -1.7768930e-01
   8.3171070e-01
  -8.6778930e-01
   5.6751070e-01
   5.1191070e-01
   1.0601110e+00
   5.3081070e-01
  -1.4057890e+00
   4.0411070e-01
   5.8601070e-01
  -2.5278930e-01
   4.5401070e-01
  -6.9189310e-02
   1.2721110e+00
   7.1410690e-02
   9.8591070e-01
   2.6521070e-01
  -6.5588930e-01
   1.8931070e-01
  -7.3708930e-01
   9.1021070e-01
  -1.5958930e-01
  -8.5168930e-01
  -3.3838930e-01
  -1.4206890e+00
  -6.9538930e-01
  -1.1783890e+00
   1.3977110e+00
   4.0611070e-01
  -2.8238930e-01
  -5.6578930e-01
   3.7091070e-01
   3.6451070e-01
   3.2641070e-01
  -8.0989310e-02
   8.8106880e-03
   7.7351070e-01
   4.2851070e-01
   8.9501070e-01
  -5.6308930e-01
   4.2601070e-01
  -3.5538930e-01
   4.0001070e-01
  -1.5105890e+00
  -6.0048930e-01
  -2.5738930e-01
  -9.5568930e-01
   8.1291070e-01
   1.6341070e-01
   1.1283110e+00
  -4.1428930e-01
   1.6771070e-01
  -7.6188930e-01
  -1.1995890e+00
   5.2031070e-01
   8.1721070e-01
   2.5310690e-02
   5.1431070e-01
  -8.4458930e-01
   1.1561070e-01
  -2.2728930e-01
  -7.2089310e-02
  -7.7589310e-02
   8.3710690e-02
  -8.1218930e-01
   2.8981070e-01
   1.4881070e-01
  -5.0628930e-01
  -4.5458930e-01
   6.2610690e-02
   4.0561070e-01
   1.5481070e-01
   5.6591070e-01
  -3.4889310e-02
  -7.7858930e-01
  -3.4678930e-01
   2.2651070e-01
  -4.8458930e-01
  -1.9589310e-02
  -1.7348930e-01
   3.1551070e-01
   2.6001070e-01
   6.6821070e-01
  -6.7428930e-01
  -7.8978930e-01
  -6.9689310e-02
   1.6791070e-01
  -6.5178930e-01
   3.2401070e-01
   1.1841070e-01
   2.4001070e-01
   8.5010690e-02
  -3.4668930e-01
   6.3010690e-02
   4.6410690e-02
   3.0111070e-01
  -2.9698930e-01
  -8.2828930e-01
  -3.0098930e-01
   1.1391070e-01
   8.5810690e-02
   2.3701070e-01
   8.0110690e-02
  -1.0557890e+00
  -1.0620890e+00
   9.1761070e-01
  -3.9068930e-01
   3.7621070e-01
   1.8271070e-01
  -5.3838930e-01
   4.9001070e-01
  -6.1089310e-02
   5.5611070e-01
   9.1710690e-02
   2.6081070e-01
  -1.2808930e-01
   2.6631070e-01
  -8.8589310e-02
   5.4111070e-01
   5.6641070e-01
   2.3031070e-01
   3.1321070e-01
   1.1851070e-01
   9.6251070e-01
   4.3011070e-01
   5.2111070e-01
  -2.0458930e-01
   3.8951070e-01
  -4.8818930e-01
  -3.1528930e-01
   4.6310690e-02
  -7.4678930e-01
  -5.1918930e-01
  -1.0829890e+00
   9.3091070e-01
   6.7411070e-01
   1.3110690e-02
  -2.1978930e-01
  -1.2028930e-01
  -2.5428930e-01
  -2.5508930e-01
   1.8510690e-02
   4.8741070e-01
   2.5310690e-02
  -2.7148930e-01
  -4.1258930e-01
  -3.0758930e-01
  -6.6538930e-01
   5.5001070e-01
  -3.9438930e-01
  -1.6318930e-01
  -2.4898930e-01
  -7.6488930e-01
  -1.3698930e-01
  -9.7578930e-01
   1.2187110e+00
  -5.6908930e-01
   5.5361070e-01
  -8.5898930e-01
  -2.6648930e-01
   5.6871070e-01
   8.1281070e-01
  -4.4198930e-01
  -3.3889310e-02
  -5.1289310e-02
  -3.6968930e-01
  -9.2578930e-01
   1.6401070e-01
   8.9671070e-01
   6.9961070e-01
  -5.7098930e-01
  -1.6758930e-01
  -2.3788930e-01
   2.5310690e-02
   1.3248110e+00
  -3.3888930e-01
   6.7341070e-01
   2.5310690e-02
   8.9121070e-01
   1.2051070e-01
  -3.8568930e-01
  -2.5018930e-01
  -3.4278930e-01
  -7.9489310e-02
   5.5111070e-01
   2.0091070e-01
  -1.0663890e+00
  -9.3288930e-01
  -2.5638930e-01
  -1.0219890e+00
   9.7571070e-01
  -6.8678930e-01
   1.1191070e-01
   2.4121070e-01
   1.1171070e-01
   1.3511070e-01
   1.5776110e+00
  -5.3808930e-01
   1.0697110e+00
   1.1001070e-01
   9.2181070e-01
   9.2531070e-01
  -1.0588930e-01
  -1.6458890e+00
  -1.2778890e+00
   3.3761070e-01
   7.5841070e-01
   1.2210690e-02
  -5.7188930e-01
   1.1313110e+00
  -1.3278890e+00
   2.1541070e-01
  -4.2438930e-01
  -6.0238930e-01
   3.5761070e-01
   3.0991070e-01
  -4.7358930e-01
   5.0331070e-01
   1.6361070e-01
  -2.6828930e-01
   3.6801070e-01
  -2.1558930e-01
  -3.2168930e-01
  -1.9358930e-01
  -3.1788930e-01
   1.1781070e-01
  -1.0618930e-01
   2.0041070e-01
  -7.8098930e-01
   1.2431070e-01
   5.1481070e-01
   4.8901070e-01
   8.2581070e-01
   1.9851070e-01
   5.4641070e-01
  -6.2728930e-01
  -2.2748930e-01
  -4.4528930e-01
   4.4571070e-01
  -6.4189310e-02
  -6.4648930e-01
   1.1710690e-02
   1.7681070e-01
  -1.0246890e+00
   4.1561070e-01
  -3.5889310e-02
  -5.2408930e-01
   8.9010690e-02
   1.3071070e-01
   2.7931070e-01
  -1.3128930e-01
  -5.7388930e-01
  -3.0678930e-01
  -5.1318930e-01
   2.3461070e-01
   5.1071070e-01
  -5.7288930e-01
  -2.2478930e-01
  -1.1036890e+00
  -4.2518930e-01
  -1.4838890e+00
   1.1021070e-01
   1.2392110e+00
  -1.6504890e+00
   3.9106880e-03
   3.8611070e-01
  -8.8188930e-01
   8.2111070e-01
   1.1313110e+00
   9.9681070e-01
   4.5310690e-02
   2.3010690e-02
   5.8591070e-01
  -6.3808930e-01
   5.9910690e-02
  -1.5528930e-01
  -8.1118930e-01
   2.9561070e-01
  -6.6648930e-01
   9.7201070e-01
  -3.6058930e-01
   5.1761070e-01
  -2.1178930e-01
  -1.0698930e-01
  -3.1208930e-01
   1.8431070e-01
  -9.3118930e-01
   6.5991070e-01
   1.2114110e+00
  -1.4948930e-01
  -2.4248930e-01
   4.4871070e-01
  -1.0018930e-01
  -7.0728930e-01
  -3.0688930e-01
  -6.4638930e-01
  -1.6160890e+00
   7.5361070e-01
   2.6941070e-01
  -9.1189310e-02
   6.6601070e-01
  -9.4398930e-01
  -1.6808930e-01
  -1.4298930e-01
   1.9451070e-01
  -2.2495890e+00
   3.6031070e-01
   4.2391070e-01
  -5.4818930e-01
  -2.9689310e-02
  -7.2228930e-01
   4.5310690e-02
  -3.5878930e-01
   1.3401070e-01
  -1.6208930e-01
   5.6091070e-01
   9.1611070e-01
   2.3651070e-01
   8.7110690e-02
   2.3601070e-01
  -5.4838930e-01
   6.8361070e-01
  -2.9289310e-02
  -8.7589310e-02
  -3.5889310e-02
  -3.8668930e-01
  -1.0308890e+00
   1.7331070e-01
   4.7431070e-01
   2.5310690e-02
  -8.7768930e-01
  -4.8068930e-01
  -3.0989310e-02
   3.9971070e-01
   6.8410690e-02
   4.1801070e-01
  -8.1788930e-01
  -9.7589310e-02
   5.2621070e-01
  -6.9538930e-01
   4.3451070e-01
   5.9811070e-01
  -4.6108930e-01
  -1.7789310e-02
  -1.1131890e+00
  -1.1129890e+00
  -1.3468930e-01
  -5.0368930e-01
   2.2671070e-01
  -1.2868930e-01
  -5.4778930e-01
   1.3161070e-01
   6.6571070e-01
   1.2235110e+00
   1.3229110e+00
   1.0430110e+00
  -5.7338930e-01
  -1.7728930e-01
   1.4092110e+00
   6.1091070e-01
   6.7251070e-01
  -6.3448930e-01
   7.0511070e-01
   8.7431070e-01
   4.5310690e-02
  -2.8658930e-01
  -4.0408930e-01
   2.8751070e-01
   1.1849110e+00
   3.9861070e-01
  -4.1108930e-01
  -2.5268930e-01
   1.5061070e-01
   1.0227110e+00
   3.9601070e-01
  -5.9489310e-02
  -1.2918930e-01
  -3.5168930e-01
  -4.4258930e-01
   2.5861070e-01
   7.3510690e-02
  -2.1348930e-01
  -4.4488930e-01
  -2.4098930e-01
   4.2071070e-01
  -1.7648930e-01
   1.2521070e-01
  -1.8958930e-01
   1.1230110e+00
   9.2221070e-01
   7.7051070e-01
   7.9110690e-02
   5.4721070e-01
  -1.0350890e+00
  -3.6828930e-01
  -1.2812890e+00
   8.8321070e-01
  -2.3808930e-01
   1.1171070e-01
   7.2621070e-01
  -4.8408930e-01
  -1.4552890e+00
  -1.4581890e+00
  -5.5528930e-01
   6.7161070e-01
  -2.0688930e-01
   2.9721070e-01
   1.8561070e-01
  -1.0389310e-02
   7.1231070e-01
   4.3021070e-01
  -1.9108930e-01
  -8.8198930e-01
  -1.6098930e-01
   5.3181070e-01
  -9.5089310e-02
  -1.4098930e-01
  -3.0089310e-02
   7.3271070e-01
   1.4571070e-01
  -4.9089310e-02
  -3.0938930e-01
  -2.0608930e-01
   1.0711070e-01
  -8.8789310e-02
  -8.6398930e-01
   3.7761070e-01
  -3.0389310e-02
   5.4041070e-01
  -9.5589310e-02
  -3.5198930e-01
  -7.6589310e-02
   5.3441070e-01
   4.8410690e-02
   4.5310690e-02
  -3.7158930e-01
  -5.3188930e-01
  -1.7658930e-01
  -2.3018930e-01
  -1.0000890e+00
  -2.8078930e-01
   5.5510690e-02
   4.1851070e-01
  -5.6358930e-01
  -1.8768930e-01
   3.7971070e-01
   3.8521070e-01
   9.7801070e-01
   9.6261070e-01
   3.9731070e-01
  -2.2118930e-01
   5.8701070e-01
   1.4661070e-01
  -2.9888930e-01
  -1.0869890e+00
  -6.1068930e-01
  -4.7893120e-03
  -1.2528930e-01
   4.6291070e-01
  -2.3838930e-01
   4.1561070e-01
  -5.7989310e-02
  -8.8208930e-01
   4.0461070e-01
   2.3621070e-01
   5.1571070e-01
  -5.5218930e-01
  -1.7248930e-01
   2.4981070e-01
   2.8271070e-01
   5.8811070e-01
   3.7351070e-01
  -3.2948930e-01
  -4.6428930e-01
   2.5541070e-01
   2.5491070e-01
  -4.5118930e-01
   2.5551070e-01
   2.5310690e-02
  -3.0528930e-01
  -7.3018930e-01
  -4.3758930e-01
   5.8241070e-01
   5.1241070e-01
   1.0092110e+00
   3.9311070e-01
  -2.8928930e-01
  -9.0889310e-02
  -3.5078930e-01
  -1.1158930e-01
   3.9541070e-01
  -5.1289310e-02
  -1.5808930e-01
   1.0201070e-01
   1.8191070e-01
  -1.7138930e-01
   1.0871070e-01
  -9.1489310e-02
  -1.4518930e-01
   1.5561070e-01
  -1.1848930e-01
   2.5310690e-02
  -4.1408930e-01
   1.0921070e-01
  -2.0678930e-01
   7.5710690e-02
  -8.5889310e-02
   1.4981070e-01
   2.3031070e-01
  -1.3278930e-01
   9.5910690e-02
  -1.3968930e-01
   1.7001070e-01
  -4.6388930e-01
  -5.2748930e-01
  -1.4168930e-01
   1.4421070e-01
  -1.9189310e-02
  -1.6918930e-01
  -3.8858930e-01
   1.7911070e-01
  -2.9358930e-01
   6.9211070e-01
  -4.3638930e-01
  -1.7048930e-01
  -3.7058930e-01
  -6.0893120e-03
  -1.2338930e-01
  -3.7998930e-01
  -2.9818930e-01
  -1.8068930e-01
  -8.4738930e-01
  -1.5488930e-01
   1.9031070e-01
  -2.3248930e-01
   1.9041070e-01
   5.6410690e-02
   3.2371070e-01
   2.6691070e-01
   4.6891070e-01
   1.5391070e-01
   8.8901070e-01
   3.8021070e-01
  -1.4354890e+00
  -1.0044890e+00
  -2.3338930e-01
  -3.0518930e-01
  -5.2048930e-01
   4.9861070e-01
  -5.9968930e-01
   6.7106880e-03
   9.9721070e-01
   4.8101070e-01
  -2.8289310e-02
  -5.5268930e-01
   9.5471070e-01
  -1.2328890e+00
   5.5441070e-01
  -7.8378930e-01
   3.5661070e-01
   4.6211070e-01
  -2.6328930e-01
   1.4201070e-01
  -1.6398930e-01
   2.9151070e-01
   9.9731070e-01
   2.4631070e-01
   2.9491070e-01
  -9.2928930e-01
  -8.9312170e-05
   7.7571070e-01
  -6.0598930e-01
   3.1071070e-01
   2.9581070e-01
   9.9411070e-01
   8.4001070e-01
   2.2171070e-01
  -2.2018930e-01
   1.1131070e-01
   5.7281070e-01
   5.6301070e-01
   3.2881070e-01
   2.5310690e-02
   1.5772110e+00
   1.2921070e-01
  -6.9138930e-01
   3.2531070e-01
  -1.8589310e-02
  -2.2108930e-01
  -2.5489310e-02
  -7.9268930e-01
  -4.2918930e-01
  -2.6638930e-01
   4.8751070e-01
   8.5911070e-01
  -1.1995890e+00
  -5.5678930e-01
  -4.0758930e-01
  -1.7298930e-01
  -4.5938930e-01
  -1.4648930e-01
   6.2841070e-01
   3.1321070e-01
   6.3011070e-01
  -2.3398930e-01
   4.0111070e-01
  -6.5598930e-01
  -1.1048930e-01
  -7.4578930e-01
   2.8011070e-01
   2.3071070e-01
  -3.8378930e-01
   4.7541070e-01
  -9.0189310e-02
   5.7811070e-01
  -2.2878930e-01
  -6.2798930e-01
  -2.9448930e-01
  -2.0889310e-02
  -2.1108930e-01
   2.2551070e-01
  -6.4248930e-01
   1.2741070e-01
  -4.2578930e-01
  -1.4489310e-02
  -6.4278930e-01
   2.1010690e-02
   2.3571070e-01
   3.7071070e-01
   6.5331070e-01
  -2.1118890e+00
   1.3651070e-01
  -5.1489310e-02
   1.8711070e-01
   1.3641070e-01
   6.4106880e-03
   5.1771070e-01
   4.5101070e-01
  -6.6818930e-01
   4.3071070e-01
  -2.5928930e-01
  -3.1788930e-01
  -6.4588930e-01
   6.4421070e-01
   5.7010690e-02
   7.8610690e-02
   1.7241070e-01
   6.8231070e-01
   4.6431070e-01
  -2.9348930e-01
   2.0701070e-01
   6.7106880e-03
  -3.0118930e-01
   1.4281070e-01
  -6.1158930e-01
  -1.0178930e-01
   1.2191070e-01
  -5.2908930e-01
  -1.5348930e-01
   5.7110690e-02
  -5.4048930e-01
  -2.0618930e-01
  -5.2689310e-02
  -8.1168930e-01
   1.3141070e-01
  -3.1998930e-01
   1.4651070e-01
   5.0091070e-01
  -4.6728930e-01
  -9.7008930e-01
   4.5310690e-02
  -7.1598930e-01
  -4.9398930e-01
  -6.8748930e-01
  -1.5578930e-01
   2.0351070e-01
   2.5310690e-02
   9.5541070e-01
   3.3761070e-01
  -1.5348930e-01
  -5.5608930e-01
   6.3431070e-01
   1.3351070e-01
  -4.5678930e-01
   3.0821070e-01
   8.8691070e-01
  -1.1488930e-01
  -1.4029890e+00
  -1.9368930e-01
   2.2621070e-01
  -7.1498930e-01
   8.9241070e-01
   9.9081070e-01
  -1.5358930e-01
  -1.2431890e+00
   4.1751070e-01
   6.5810690e-02
   6.5810690e-02
  -4.6918930e-01
   1.5413110e+00
  -2.7468930e-01
   5.5641070e-01
  -2.5888930e-01
  -2.2948930e-01
  -4.7348930e-01
  -3.3848930e-01
   2.3381070e-01
  -1.6318930e-01
   2.0331070e-01
   3.0201070e-01
  -2.1608930e-01
  -4.8589310e-02
  -5.3898930e-01
  -7.1228930e-01
  -5.7768930e-01
  -7.3689310e-02
  -3.7858930e-01
  -3.0958930e-01
   2.3141070e-01
   2.7791070e-01
  -8.2828930e-01
  -1.3828930e-01
  -1.7659890e+00
  -1.1702890e+00
   8.4601070e-01
  -1.3058890e+00
   1.3765110e+00
   8.7951070e-01
  -9.7048930e-01
  -3.9428930e-01
   1.4707110e+00
  -7.9278930e-01
   1.9210690e-02
   2.5311070e-01
   7.5781070e-01
  -5.8248930e-01
  -6.3488930e-01
   1.9721070e-01
  -4.5938930e-01
  -4.2918930e-01
   1.0061070e-01
   3.0431070e-01
  -1.6805890e+00
  -2.4658930e-01
  -2.2789310e-02
  -1.2272890e+00
   3.9651070e-01
   5.3711070e-01
   8.9091070e-01
   1.0803110e+00
   4.6821070e-01
  -4.3848930e-01
  -8.7778930e-01
   2.0041070e-01
   4.1411070e-01
   7.2331070e-01
   2.2472110e+00
   7.6711070e-01
   9.8710690e-02
   1.0205110e+00
  -4.2058930e-01
  -2.9618930e-01
   1.9331070e-01
   8.0581070e-01
  -1.0751890e+00
  -7.5589310e-02
  -5.1889310e-02
  -9.1348930e-01
  -2.0528930e-01
  -1.6490890e+00
   4.0211070e-01
  -6.9968930e-01
  -1.5759890e+00
   7.3261070e-01
  -9.1218930e-01
   1.0211070e-01
   4.8491070e-01
  -7.9888930e-01
   1.1019110e+00
  -4.7589310e-02
  -8.9189310e-02
  -8.9389310e-02
   2.0981070e-01
  -1.3088930e-01
  -2.4778930e-01
  -5.6688930e-01
  -1.6618930e-01
   9.4110690e-02
  -3.6878930e-01
  -7.0978930e-01
  -4.9298930e-01
   1.2071070e-01
   4.6121070e-01
  -9.0408930e-01
  -1.3638930e-01
  -4.3848930e-01
  -1.0499890e+00
   6.0111070e-01
   7.8710690e-02
  -6.5248930e-01
   4.7991070e-01
  -6.1038930e-01
  -8.2628930e-01
  -2.2998930e-01
  -1.4362890e+00
   7.1581070e-01
   2.0471070e-01
  -1.2518930e-01
   1.1561070e-01
   3.8241070e-01
  -4.4689310e-02
  -9.2968930e-01
   3.4011070e-01
  -2.5148930e-01
  -8.1489310e-02
   4.8371070e-01
   7.9291070e-01
   3.4561070e-01
  -1.1528930e-01
  -1.1776890e+00
  -7.2389310e-02
  -3.6589310e-02
   4.2111070e-01
  -3.1458930e-01
  -1.5314890e+00
  -5.1388930e-01
  -3.1408930e-01
   5.7731070e-01
   1.0289110e+00
  -8.5758930e-01
   8.1010690e-02
  -5.5188930e-01
   1.4571070e-01
  -1.1666890e+00
  -1.9374890e+00
  -1.1097890e+00
   4.4471110e+00
  -6.0958930e-01
  -9.3988930e-01
   7.3106880e-03
  -9.0258930e-01
  -5.9808930e-01
   8.5701070e-01
   5.3261070e-01
   1.5862110e+00
   4.7661070e-01
  -5.1668930e-01
  -2.9738930e-01
   4.6021070e-01
   1.8075110e+00
   2.8564110e+00
   2.2881070e-01
   4.5698110e+00
  -1.5557890e+00
  -1.5258930e-01
   6.9131070e-01
   3.8505110e+00
   1.5781070e-01
   4.4261070e-01
  -4.5368930e-01
  -1.1563890e+00
   7.7671070e-01
  -1.9958890e+00
   4.7821070e-01
   1.7876110e+00
   2.1111110e+00
   3.6381070e-01
   2.4456110e+00
  -2.9318930e-01
   3.7941070e-01
   9.7551070e-01
   8.9410690e-02
  -6.0828930e-01
  -1.6039890e+00
  -3.2607890e+00
  -1.3224890e+00
   8.1931070e-01
   8.2951070e-01
   1.0334110e+00
  -1.3467890e+00
  -1.6958930e-01
  -9.1258930e-01
   1.1811070e-01
   1.5931070e-01
   1.8777110e+00
   3.9971070e-01
   1.3205110e+00
   1.4616110e+00
  -4.7738930e-01
  -7.7458930e-01
   6.4731070e-01
   1.9581110e+00
  -1.2948890e+00
  -5.9289310e-02
  -9.2328930e-01
   3.7701070e-01
  -6.5728930e-01
   9.2601070e-01
   8.6321070e-01
   1.0509110e+00
   5.0061070e-01
  -8.1938930e-01
  -1.6407890e+00
   9.0441070e-01
  -2.5618930e-01
  -6.1368930e-01
   5.2641070e-01
  -9.1189310e-02
   1.5391070e-01
   1.0652110e+00
  -1.1338930e-01
   1.5435110e+00
   1.1555110e+00
  -2.5226890e+00
   2.3081070e-01
   4.6411070e-01
  -5.8089310e-02
   9.2671070e-01
  -9.1068930e-01
   2.2237110e+00
